27112
20416
6951
36660
63808
61974
47602
16717
38643
55834
10934
43250
36822
41748
60791
64625
8854
61442
44060
65292
48821
1397
5866
11410
64980
28898
43174
34762
32186
32721
46756
59298
53137
53707
30422
51409
50145
12488
2590
23252
2787
13525
967
39609
55273
61758
38698
64127
57664
17222
63883
40949
18620
4213
52360
18064
33112
29998
52827
65298
62719
34047
59060
50320
22218
23947
36194
6827
36435
38784
30079
39222
52309
31046
13296
42046
27268
51994
40637
19396
3681
38985
60346
22301
43198
47170
40365
10774
11632
27656
10536
8816
61703
4061
59136
18385
28008
29794
25212
64443
3043
55292
38130
55352
20802
51426
31863
48071
37884
6964
1931
41565
45949
62277
63866
23612
43911
38696
34386
55544
816
44923
64360
62520
48984
57960
15369
11456
22219
40582
10363
25262
30338
48493
15078
51140
34383
46941
33675
6732
53906
35607
48297
34319
32348
46628
57931
10724
19788
26782
732
20604
6169
65092
17588
55153
57516
32958
1073
14199
8004
11436
39461
38342
59930
54540
23946
28777
35945
57622
35509
24315
27693
18271
58635
60041
64899
51030
5229
19151
12276
5961
39755
18445
5517
57344
8062
63034
24766
9135
11697
32770
20572
51159
5576
14966
40163
29522
43743
10572
21608
13717
34888
49301
31988
27987
43807
31351
13481
49036
50502
25758
54998
24721
44203
60515
16529
52266
58013
41295
61401
4175
8529
16437
55334
14105
31403
29961
43628
9611
40533
65236
23328
9885
49002
55316
37872
27273
21131
51354
10773
6097
11576
235
30818
55779
60751
47348
42509
53228
23107
38375
57403
31637
54812
47201
45742
20680
11626
23834
30291
52160
23535
53619
62045
7001
43399
34382
34274
64530
20200
45047
5091
31776
45283
35909
22019
40498
17721
64529
28190
40829
37368
20058
6930
26644
1723
52672
47324
13350
10971
12079
65510
34506
162
62019
41507
43561
30865
10245
42555
51065
55292
47646
17305
35039
18020
39325
10001
35741
38318
38192
11034
10150
58250
17964
36794
59973
5101
18583
7787
16072
30662
7761
50578
30825
4245
26549
8850
35110
36794
51406
20640
26550
33516
37945
61590
51536
11734
6055
21742
50052
44247
32776
60202
36961
50741
31461
31399
55842
50044
39186
6378
15170
46948
56956
45995
51193
17969
54846
20767
54763
40716
41407
15777
8696
13817
11831
60233
25551
17887
16439
10068
62134
49215
4734
33560
34420
36195
64959
24726
20703
38609
31104
35874
20021
22524
16333
5678
40493
5643
26446
29720
46359
2317
45498
55056
16134
57329
49753
41686
9680
656
51754
6279
49871
56488
39839
18756
27148
39262
43482
47851
12335
9051
18189
32357
31575
34523
38035
6533
40166
64481
36253
20990
1263
16215
10510
17397
8009
60263
59083
17689
60919
45301
23968
45254
36254
63807
64010
63402
37533
41957
45717
49869
51008
63907
16690
17047
32894
54725
23580
7524
53671
59834
28514
54934
10513
39024
6795
18522
33751
343
36212
29134
45644
60180
8853
16362
58452
7327
14228
30449
49284
59946
14782
34756
58317
31472
51804
25675
20662
9848
33199
8797
4146
61714
63731
14660
35202
4990
33182
3418
5333
3858
32552
50978
64039
41405
1804
56955
48733
16033
21868
32481
10443
36651
1702
3224
2587
53506
28899
23249
63354
62098
32046
1965
58276
30241
16625
27943
35232
49807
31361
40565
53666
63913
26007
52169
39783
27812
43588
22980
43845
65456
55461
54288
36571
57163
57512
39159
45133
20875
62408
42952
17437
28919
44917
10178
59160
61542
38121
28856
45813
3946
3886
33943
2323
29893
20576
42106
57705
64164
65086
36014
64085
55012
24766
35120
46639
16742
8743
26237
37617
5616
3653
55055
34535
48570
65233
28159
44576
37818
57016
24853
41764
60902
58797
44087
25259
13837
20658
17429
12466
20208
53443
11015
9684
12674
46135
56324
29416
54879
17025
1498
60495
20678
56553
29494
3712
56250
57653
48288
28532
49133
7605
4760
44499
866
48847
4223
14704
3969
21652
27170
24178
9559
38185
33862
22233
18784
24650
51650
8127
41675
53148
3086
62353
44165
32580
529
34879
24698
48817
63411
8295
56423
2635
52795
57289
51482
57018
6457
55452
13134
33627
14094
22693
6276
47956
44927
25061
7071
31041
33188
48746
18653
36275
45564
62818
3319
46093
32161
28017
29375
30036
36313
20262
32671
23572
12015
18617
15054
18473
8533
28188
52100
22627
50881
58377
5048
30272
17902
12119
61313
51090
60865
14430
21829
40893
11712
25149
21451
43873
53166
50826
8373
23943
5552
41044
47515
17567
59662
62569
36040
2659
25221
22605
25287
10567
15446
30335
40839
33348
42454
36617
18902
37783
51047
40732
13141
62760
345
34592
41097
53511
19882
49471
11919
25434
24979
59434
43001
19105
56468
13506
21765
16153
36111
47052
26720
51557
11851
2024
19369
54305
38641
38271
26552
24152
13467
39693
21376
13812
8749
62474
1788
28631
46409
13707
54065
5852
7605
31531
24958
64073
45037
46723
14691
15612
28239
41411
1633
40090
43435
21002
28859
16540
59273
55411
40693
7205
29569
62069
21017
38318
59007
22805
1414
39880
36512
55479
45733
44118
21474
5155
42655
975
51878
57346
16587
14581
33222
18220
54671
11121
39222
17994
27662
32960
7869
2819
40165
37438
64888
61182
10221
58360
18452
11635
32704
54964
1578
12901
33546
23053
18056
10666
24028
4398
2476
40616
18979
35698
58836
8114
46820
32523
26108
8946
65483
33978
11765
40112
5880
11117
35758
16101
3941
54210
27736
36646
43639
29315
49547
11649
52368
2068
22315
10860
6466
24792
51476
25446
60490
44777
33560
41774
11764
59669
50720
11711
28111
62485
51823
33991
8067
22045
50093
12008
10720
12293
48654
54359
41608
32666
472
28440
34734
22788
39301
41200
47580
25241
1110
42534
4482
34671
18773
16246
28804
3957
27957
56915
907
14244
25370
8974
36290
9927
20982
47010
22221
4101
35833
63829
36767
36305
26734
5965
59093
499
47165
41137
25740
48276
18136
30223
17411
36909
46469
46215
40866
8891
37594
41773
23135
62964
50747
59425
7356
6194
40899
29577
10295
11196
27870
47062
47502
54604
53027
41059
55103
34656
16661
15308
17396
34797
45531
34807
6170
26464
15486
47036
35355
53080
23274
58491
50509
8485
52380
57865
14679
27744
21906
24974
38940
49776
6500
20906
38845
59527
61966
28412
28648
13091
43720
46044
47888
23715
